1 Performance: 0.62455556 0.599
2 Performance: 0.57600000 0.540
3 Performance: 0.57722222 0.547
4 Performance: 0.59844444 0.568
5 Performance: 0.62066667 0.587
6 Performance: 0.63577778 0.601
7 Performance: 0.65311111 0.621
8 Performance: 0.67144444 0.646
9 Performance: 0.68622222 0.662
10 Performance: 0.70077778 0.682
11 Performance: 0.71600000 0.694
12 Performance: 0.72877778 0.702
13 Performance: 0.73788889 0.713
14 Performance: 0.75022222 0.731
15 Performance: 0.76288889 0.741
16 Performance: 0.77211111 0.754
17 Performance: 0.78077778 0.761
18 Performance: 0.78966667 0.768
19 Performance: 0.79733333 0.774
20 Performance: 0.80411111 0.782
21 Performance: 0.80877778 0.790
22 Performance: 0.81411111 0.795
23 Performance: 0.81766667 0.797
24 Performance: 0.82144444 0.799
25 Performance: 0.82388889 0.800
26 Performance: 0.82644444 0.804
27 Performance: 0.82877778 0.807
28 Performance: 0.83111111 0.809
29 Performance: 0.83333333 0.810
30 Performance: 0.83533333 0.812
31 Performance: 0.83688889 0.815
32 Performance: 0.83844444 0.817
33 Performance: 0.83811111 0.819
34 Performance: 0.83877778 0.820
35 Performance: 0.83944444 0.821
36 Performance: 0.84011111 0.821
37 Performance: 0.84055556 0.823
38 Performance: 0.84166667 0.823
39 Performance: 0.84233333 0.824
40 Performance: 0.84266667 0.827
41 Performance: 0.84322222 0.828
42 Performance: 0.84377778 0.829
43 Performance: 0.84388889 0.828
44 Performance: 0.84444444 0.828
45 Performance: 0.84522222 0.828
46 Performance: 0.84577778 0.828
47 Performance: 0.84633333 0.828
48 Performance: 0.84666667 0.830
49 Performance: 0.84777778 0.832
50 Performance: 0.84833333 0.833
51 Performance: 0.84900000 0.834
52 Performance: 0.84900000 0.834
53 Performance: 0.84933333 0.835
54 Performance: 0.85022222 0.835
55 Performance: 0.85000000 0.835
56 Performance: 0.85011111 0.835
57 Performance: 0.85055556 0.835
58 Performance: 0.85077778 0.836
59 Performance: 0.85088889 0.836
60 Performance: 0.85100000 0.837
61 Performance: 0.85200000 0.837
62 Performance: 0.85255556 0.837
63 Performance: 0.85266667 0.837
64 Performance: 0.85277778 0.837
65 Performance: 0.85366667 0.837
66 Performance: 0.85366667 0.837
67 Performance: 0.85411111 0.837
68 Performance: 0.85433333 0.836
69 Performance: 0.85466667 0.836
70 Performance: 0.85455556 0.838
71 Performance: 0.85477778 0.839
72 Performance: 0.85488889 0.840
73 Performance: 0.85533333 0.840
74 Performance: 0.85555556 0.841
75 Performance: 0.85555556 0.841
76 Performance: 0.85600000 0.842
77 Performance: 0.85633333 0.842
78 Performance: 0.85633333 0.842
79 Performance: 0.85700000 0.842
80 Performance: 0.85755556 0.842
81 Performance: 0.85766667 0.842
82 Performance: 0.85777778 0.841
83 Performance: 0.85811111 0.841
84 Performance: 0.85811111 0.842
85 Performance: 0.85811111 0.842
86 Performance: 0.85822222 0.843
87 Performance: 0.85833333 0.843
88 Performance: 0.85822222 0.843
89 Performance: 0.85844444 0.843
90 Performance: 0.85877778 0.843
91 Performance: 0.85900000 0.843
92 Performance: 0.85944444 0.844
93 Performance: 0.85955556 0.846
94 Performance: 0.85977778 0.846
95 Performance: 0.86011111 0.846
96 Performance: 0.86011111 0.844
97 Performance: 0.86044444 0.845
98 Performance: 0.86055556 0.845
99 Performance: 0.86077778 0.845
100 Performance: 0.86066667 0.845