1 Performance: 0.85566667 0.839
2 Performance: 0.86455556 0.856
3 Performance: 0.87044444 0.862
4 Performance: 0.87422222 0.865
5 Performance: 0.87666667 0.868
6 Performance: 0.87855556 0.868
7 Performance: 0.88000000 0.868
8 Performance: 0.88200000 0.868
9 Performance: 0.88422222 0.868
10 Performance: 0.88533333 0.868
11 Performance: 0.88600000 0.866
12 Performance: 0.88655556 0.868
13 Performance: 0.88777778 0.868
14 Performance: 0.88833333 0.868
15 Performance: 0.88933333 0.869
16 Performance: 0.88955556 0.868
17 Performance: 0.89000000 0.868
18 Performance: 0.89033333 0.868
19 Performance: 0.89055556 0.867
20 Performance: 0.89077778 0.867
21 Performance: 0.89188889 0.867
22 Performance: 0.89188889 0.868
23 Performance: 0.89177778 0.868
24 Performance: 0.89255556 0.870
25 Performance: 0.89266667 0.871
26 Performance: 0.89288889 0.871
27 Performance: 0.89322222 0.871
28 Performance: 0.89355556 0.872
29 Performance: 0.89411111 0.872
30 Performance: 0.89422222 0.872
31 Performance: 0.89411111 0.872
32 Performance: 0.89466667 0.872
33 Performance: 0.89511111 0.872
34 Performance: 0.89500000 0.873
35 Performance: 0.89500000 0.874
36 Performance: 0.89522222 0.874
37 Performance: 0.89533333 0.875
38 Performance: 0.89533333 0.876
39 Performance: 0.89544444 0.876
40 Performance: 0.89544444 0.876
41 Performance: 0.89555556 0.876
42 Performance: 0.89555556 0.876
43 Performance: 0.89555556 0.876
44 Performance: 0.89533333 0.877
45 Performance: 0.89555556 0.878
46 Performance: 0.89600000 0.878
47 Performance: 0.89611111 0.878
48 Performance: 0.89622222 0.879
49 Performance: 0.89633333 0.879
50 Performance: 0.89633333 0.879
51 Performance: 0.89644444 0.879
52 Performance: 0.89688889 0.878
53 Performance: 0.89688889 0.878
54 Performance: 0.89688889 0.878
55 Performance: 0.89688889 0.878
56 Performance: 0.89711111 0.877
57 Performance: 0.89688889 0.877
58 Performance: 0.89711111 0.877
59 Performance: 0.89711111 0.878
60 Performance: 0.89711111 0.878
61 Performance: 0.89733333 0.878
62 Performance: 0.89744444 0.878
63 Performance: 0.89777778 0.878
64 Performance: 0.89800000 0.878
65 Performance: 0.89844444 0.878
66 Performance: 0.89866667 0.879
67 Performance: 0.89877778 0.879
68 Performance: 0.89877778 0.880
69 Performance: 0.89877778 0.880
70 Performance: 0.89877778 0.880
71 Performance: 0.89877778 0.880
72 Performance: 0.89922222 0.880
73 Performance: 0.89933333 0.879
74 Performance: 0.89955556 0.879
75 Performance: 0.89955556 0.879
76 Performance: 0.89977778 0.879
77 Performance: 0.89988889 0.879
78 Performance: 0.90022222 0.879
79 Performance: 0.90033333 0.879
80 Performance: 0.90044444 0.879
81 Performance: 0.90044444 0.879
82 Performance: 0.90066667 0.879
83 Performance: 0.90066667 0.879
84 Performance: 0.90066667 0.879
85 Performance: 0.90077778 0.879
86 Performance: 0.90088889 0.879
87 Performance: 0.90055556 0.879
88 Performance: 0.90055556 0.879
89 Performance: 0.90055556 0.879
90 Performance: 0.90055556 0.879
91 Performance: 0.90077778 0.879
92 Performance: 0.90077778 0.879
93 Performance: 0.90077778 0.879
94 Performance: 0.90077778 0.879
95 Performance: 0.90066667 0.879
96 Performance: 0.90066667 0.879
97 Performance: 0.90066667 0.879
98 Performance: 0.90077778 0.880
99 Performance: 0.90088889 0.880
100 Performance: 0.90077778 0.880