1 Performance: 0.85544444 0.839 0.90100000
2 Performance: 0.86455556 0.855 0.91000000
3 Performance: 0.87011111 0.862 0.90800000
4 Performance: 0.87400000 0.865 0.90900000
5 Performance: 0.87655556 0.868 0.91200000
6 Performance: 0.87855556 0.868 0.91400000
7 Performance: 0.88000000 0.868 0.91400000
8 Performance: 0.88200000 0.868 0.91400000
9 Performance: 0.88422222 0.868 0.91200000
10 Performance: 0.88533333 0.868 0.91200000
11 Performance: 0.88600000 0.866 0.91200000
12 Performance: 0.88688889 0.867 0.91200000
13 Performance: 0.88755556 0.868 0.91100000
14 Performance: 0.88844444 0.867 0.91200000
15 Performance: 0.88933333 0.868 0.91300000
16 Performance: 0.88955556 0.868 0.91300000
17 Performance: 0.89000000 0.868 0.91300000
18 Performance: 0.89022222 0.868 0.91400000
19 Performance: 0.89055556 0.867 0.91300000
20 Performance: 0.89077778 0.867 0.91400000
21 Performance: 0.89166667 0.867 0.91400000
22 Performance: 0.89155556 0.868 0.91400000
23 Performance: 0.89166667 0.868 0.91400000
24 Performance: 0.89244444 0.870 0.91500000
25 Performance: 0.89266667 0.871 0.91500000
26 Performance: 0.89288889 0.871 0.91500000
27 Performance: 0.89311111 0.871 0.91500000
28 Performance: 0.89355556 0.872 0.91700000
29 Performance: 0.89422222 0.872 0.91800000
30 Performance: 0.89411111 0.872 0.91800000
31 Performance: 0.89411111 0.872 0.91800000
32 Performance: 0.89466667 0.872 0.91800000
33 Performance: 0.89500000 0.872 0.91800000
34 Performance: 0.89500000 0.873 0.91800000
35 Performance: 0.89500000 0.874 0.91800000
36 Performance: 0.89522222 0.874 0.91800000
37 Performance: 0.89533333 0.874 0.91800000
38 Performance: 0.89533333 0.876 0.91800000
39 Performance: 0.89555556 0.876 0.91800000
40 Performance: 0.89555556 0.876 0.91800000
41 Performance: 0.89555556 0.876 0.91800000
42 Performance: 0.89577778 0.876 0.91800000
43 Performance: 0.89544444 0.876 0.91700000
44 Performance: 0.89544444 0.877 0.91700000
45 Performance: 0.89555556 0.878 0.91500000
46 Performance: 0.89600000 0.878 0.91500000
47 Performance: 0.89611111 0.878 0.91500000
48 Performance: 0.89622222 0.879 0.91500000
49 Performance: 0.89633333 0.879 0.91500000
50 Performance: 0.89644444 0.879 0.91600000