1 Performance: 0.29955556 0.295 0.31800000
2 Performance: 0.73622222 0.708 0.77400000
3 Performance: 0.84755556 0.835 0.89300000
4 Performance: 0.87811111 0.862 0.90900000
5 Performance: 0.88900000 0.871 0.91300000
6 Performance: 0.89488889 0.875 0.92000000
7 Performance: 0.89966667 0.874 0.92300000
8 Performance: 0.90455556 0.881 0.92800000
9 Performance: 0.91022222 0.886 0.93200000
10 Performance: 0.91244444 0.888 0.93100000
11 Performance: 0.91511111 0.891 0.93200000
12 Performance: 0.91688889 0.893 0.93500000
13 Performance: 0.91888889 0.893 0.93300000
14 Performance: 0.92122222 0.893 0.93300000
15 Performance: 0.92277778 0.892 0.93500000
12 Performance: 0.91688889 0.893 0.93500000
13 Performance: 0.91888889 0.893 0.93500000
14 Performance: 0.92122222 0.893 0.93500000
15 Performance: 0.92277778 0.892 0.93700000
11 Performance: 0.91511111 0.891 0.93700000
12 Performance: 0.91688889 0.893 0.93700000
13 Performance: 0.91888889 0.893 0.93800000
14 Performance: 0.92122222 0.893 0.93800000
15 Performance: 0.92277778 0.892 0.93800000
11 Performance: 0.91511111 0.891 0.93800000
12 Performance: 0.91688889 0.893 0.93800000
13 Performance: 0.91888889 0.893 0.93800000
14 Performance: 0.92122222 0.893 0.93900000
15 Performance: 0.92277778 0.892 0.93900000
11 Performance: 0.91511111 0.891 0.93900000
12 Performance: 0.91688889 0.893 0.93900000
13 Performance: 0.91888889 0.893 0.93900000
14 Performance: 0.92122222 0.893 0.94000000
15 Performance: 0.92277778 0.892 0.94000000
11 Performance: 0.91511111 0.891 0.94000000
12 Performance: 0.91688889 0.893 0.94000000
13 Performance: 0.91888889 0.893 0.94100000
14 Performance: 0.92122222 0.893 0.94100000
