1 Performance: 0.62411111 0.579 0.66600000
2 Performance: 0.58866667 0.548 0.63100000
3 Performance: 0.59000000 0.550 0.63900000
4 Performance: 0.60044444 0.565 0.65800000
5 Performance: 0.61066667 0.573 0.67500000
6 Performance: 0.62077778 0.586 0.67700000
7 Performance: 0.63111111 0.601 0.69000000
8 Performance: 0.64444444 0.616 0.70900000
9 Performance: 0.65822222 0.632 0.72400000
10 Performance: 0.66922222 0.646 0.73800000
11 Performance: 0.68144444 0.664 0.74500000
12 Performance: 0.69244444 0.675 0.75900000
13 Performance: 0.70311111 0.687 0.77100000
14 Performance: 0.71088889 0.699 0.78000000
15 Performance: 0.71700000 0.706 0.79000000
16 Performance: 0.72244444 0.718 0.79700000
17 Performance: 0.72622222 0.725 0.80100000
18 Performance: 0.73188889 0.733 0.80500000
19 Performance: 0.73422222 0.731 0.80700000
20 Performance: 0.73644444 0.733 0.81100000
21 Performance: 0.73811111 0.736 0.81300000
22 Performance: 0.74100000 0.737 0.81200000
23 Performance: 0.74233333 0.737 0.81900000
24 Performance: 0.74455556 0.736 0.81900000
25 Performance: 0.74633333 0.738 0.81700000
26 Performance: 0.74700000 0.740 0.81700000
27 Performance: 0.74900000 0.741 0.81900000
28 Performance: 0.75066667 0.742 0.81700000
29 Performance: 0.75188889 0.744 0.81900000
30 Performance: 0.75244444 0.743 0.81900000
31 Performance: 0.75322222 0.744 0.82100000
32 Performance: 0.75355556 0.748 0.82100000
33 Performance: 0.75500000 0.749 0.82100000
34 Performance: 0.75600000 0.750 0.82200000
35 Performance: 0.75622222 0.749 0.82200000
36 Performance: 0.75711111 0.751 0.82400000
37 Performance: 0.75811111 0.750 0.82500000
38 Performance: 0.75911111 0.752 0.82500000
39 Performance: 0.75944444 0.753 0.82600000
40 Performance: 0.75944444 0.753 0.82600000
41 Performance: 0.75977778 0.754 0.83000000
42 Performance: 0.75988889 0.754 0.83100000
43 Performance: 0.76033333 0.754 0.83200000
44 Performance: 0.76111111 0.755 0.83200000
45 Performance: 0.76122222 0.756 0.83300000
46 Performance: 0.76166667 0.756 0.83300000
47 Performance: 0.76233333 0.756 0.83300000
48 Performance: 0.76222222 0.757 0.83400000
49 Performance: 0.76222222 0.757 0.83400000
50 Performance: 0.76277778 0.757 0.83400000