1 Performance: 0.69600000 0.669
2 Performance: 0.80100000 0.779
3 Performance: 0.83500000 0.815
4 Performance: 0.84200000 0.825
5 Performance: 0.84700000 0.831
6 Performance: 0.85055556 0.834
7 Performance: 0.85300000 0.842
8 Performance: 0.85611111 0.841
9 Performance: 0.85788889 0.840
10 Performance: 0.85944444 0.842
11 Performance: 0.86177778 0.845
12 Performance: 0.86322222 0.847
13 Performance: 0.86488889 0.847
14 Performance: 0.86622222 0.850
15 Performance: 0.86711111 0.851
16 Performance: 0.86866667 0.852
17 Performance: 0.86855556 0.853
18 Performance: 0.86933333 0.855
19 Performance: 0.86988889 0.857
20 Performance: 0.87044444 0.858
21 Performance: 0.87122222 0.855
22 Performance: 0.87166667 0.855
23 Performance: 0.87300000 0.856
24 Performance: 0.87377778 0.856
25 Performance: 0.87433333 0.856
26 Performance: 0.87444444 0.856
27 Performance: 0.87488889 0.858
28 Performance: 0.87522222 0.860
29 Performance: 0.87555556 0.860
30 Performance: 0.87577778 0.860
31 Performance: 0.87600000 0.860
32 Performance: 0.87633333 0.860
33 Performance: 0.87655556 0.860
34 Performance: 0.87677778 0.860
35 Performance: 0.87688889 0.860
36 Performance: 0.87744444 0.860
37 Performance: 0.87755556 0.861
38 Performance: 0.87755556 0.861
39 Performance: 0.87833333 0.861
40 Performance: 0.87877778 0.862
41 Performance: 0.87844444 0.862
42 Performance: 0.87877778 0.862
43 Performance: 0.87911111 0.862
44 Performance: 0.87933333 0.862
45 Performance: 0.87966667 0.862
46 Performance: 0.88022222 0.862
47 Performance: 0.88011111 0.863
48 Performance: 0.88011111 0.862
49 Performance: 0.88011111 0.863
50 Performance: 0.88066667 0.863
51 Performance: 0.88088889 0.862
52 Performance: 0.88133333 0.862
53 Performance: 0.88144444 0.862
54 Performance: 0.88166667 0.862
55 Performance: 0.88155556 0.862
56 Performance: 0.88200000 0.864
57 Performance: 0.88266667 0.864
58 Performance: 0.88288889 0.864
59 Performance: 0.88288889 0.864
60 Performance: 0.88333333 0.864
61 Performance: 0.88377778 0.865
62 Performance: 0.88411111 0.865
63 Performance: 0.88411111 0.865
64 Performance: 0.88411111 0.865
65 Performance: 0.88422222 0.865
66 Performance: 0.88433333 0.865
67 Performance: 0.88466667 0.864
68 Performance: 0.88488889 0.864
69 Performance: 0.88511111 0.864
70 Performance: 0.88544444 0.864
71 Performance: 0.88544444 0.863
72 Performance: 0.88577778 0.864
73 Performance: 0.88622222 0.864
74 Performance: 0.88644444 0.864
75 Performance: 0.88655556 0.864
76 Performance: 0.88677778 0.864
77 Performance: 0.88677778 0.864
78 Performance: 0.88688889 0.864
79 Performance: 0.88700000 0.864
80 Performance: 0.88722222 0.864
81 Performance: 0.88733333 0.864
82 Performance: 0.88744444 0.864
83 Performance: 0.88777778 0.864
84 Performance: 0.88766667 0.865
85 Performance: 0.88800000 0.866
86 Performance: 0.88777778 0.866
87 Performance: 0.88777778 0.866
88 Performance: 0.88822222 0.866
89 Performance: 0.88822222 0.866
90 Performance: 0.88822222 0.866
91 Performance: 0.88844444 0.866
92 Performance: 0.88844444 0.866
93 Performance: 0.88822222 0.865
94 Performance: 0.88844444 0.865