-1.74190126047,
4.88859291452,
4.32245249116,
7.08950997585,
2.89362357371,
-3.89680436193,
3.97343080142,
2.81191015837,
1.81255017892,
-2.82652788443,
-0.82202125738,
-2.80687441463,
-2.35375483705,
2.07005381279,
0.799752409771,
-2.14411188195,
-2.75010616502,
3.06124660095,
-2.04782832502,
4.93615952621,
3.06920255433,
3.63793510758,
2.54879058486,
4.57534915033,
-3.30353748067,
-1.95523098274,
4.74978015176,
-2.37246097184,
-1.88158284042,
3.54242031974,
3.61589441098,
3.38479706926,
0.431708283761,
5.10766809521,
6.89740261109,
-2.05162479751,
1.53375061588,
2.6668198054,
-1.68399002729,
5.46258415057,
4.90913818602,
2.69801647133,
1.81354220904,
3.52023753009,
0.989001807495,
4.1546280592,
4.99020519891,
-0.204187116941,
-3.46906681832,
2.83925958807,
3.49319585581,
1.38442438307,
3.00588632699,
-0.202872292993,
3.35679003805,
2.16095801362,
-2.38349028759,
2.70379526502,
-0.96182288638,
-3.04039894792,
-3.14633796959,
-1.57312004107,
1.93397894912,
-1.5647238785,
4.58273636579,
-2.50492830109,
3.75556692603,
-2.92174106443,
5.52915303552,
3.53396622373,
5.76594742099,
4.89280802909,
2.67667906623,
3.1890270931,
-1.15273813401,
4.39268975563,
-1.99690888165,
-2.39263001743,
1.48938095726,
-2.44067178943,
5.48719757791,
5.70090652171,
2.88756540332,
2.40249678257,
-1.25320917661,
-3.15549866458,
-1.70443316566,
2.36537538952,
3.00333357666,
2.90985794077,
9.84504339003,
-2.51986728524,
-0.877375962489,
2.05698766474,
1.74537234892,
3.63806532845,
7.32131329345,
-2.28735725498,
3.62281848214,
-2.07601565568,
-1.15785637585,
-0.691826764587,
-2.22897347053,
-0.256449675438,
3.96846764868,
2.61637369938,
4.5331655833,
9.32014212511,
-0.221698925055,
6.93542821566,
0.199271027927,
2.81843907957,
-2.36128309148,
-2.17579255649,
5.63902658961,
-1.50249328421,
-3.02530415089,
3.27955417982,
1.3331953745,
3.72360000436,
0.675148033524,
6.0296514382,
3.80118530385,
6.63166110791,
5.79693628217,
13.2220079243,
-2.22427557024,
-4.55439332497,
-1.54954495604,
-1.05986973136,
0.359797271281,
4.41274307189,
4.41239659506,
-2.2383420263,
-7.50764275467,
4.44125946682,
-0.971751224078,
-1.68438146986,
-3.24458794514,
3.21751886795,
4.09725812667,
1.38782097806,
5.4608408596,
3.01486886239,
1.60127983482,
-1.71456122415,
2.41824350734,
2.31230623448,
10.9341661885,
2.48167530484,
3.73964438191,
-3.83155573496,
-0.480763694033,
4.24449656878,
-1.74094161688,
-0.504500208133,
-1.36372564218,
1.67650242344,
-2.16732656186,
3.62352971191,
2.41210131322,
-0.220579995556,
7.53286755037,
0.0574302045402,
1.54594966933,
-0.199356723396,
-1.37407677993,
2.78722998714,
-2.14073396583,
0.340305917784,
5.08953129462,
1.99896914039,
7.11369296066,
0.392677123074,
-2.71910386952,
-3.88027564927,
12.6844242065,
0.958744153105,
5.52064096026,
1.20790960565,
3.68491054589,
-2.03234693589,
2.49506874045,
2.71778148951,
-4.33892512521,
4.28486869682,
-1.2312949174,
3.88931896111,
0.307136272109,
7.33647652452,
-3.24384598148,
-2.42736485884,
7.58068181973,
-1.12500530808,
3.68877173975,
0.383879812145,
-1.31965829901,
1.48987119337,
-1.4960284955,
-2.15854295432,
2.78850104458,
2.77674997137,
-0.516656657436,
1.06102156424,
-1.70237522523,
5.06131170902,
-1.32677316831,
-1.28973270363,
0.77511919631,
-1.96117868532,
-3.54755537461,
1.98543458072,
5.21471956251,
4.89261419077,
1.95268539266,
1.42693286607,
-0.585307323463,
4.40189265602,
1.32456438235,
-2.05393794701,
2.66194181616,
2.89448064084,
-2.34610321465,
-2.78833662549,
2.58818460043,
2.46006641107,
2.48972818229,
4.64206830832,
-1.27403653059,
5.46427694603,
3.65125375114,
6.74107987676,
1.38541314213,
-2.70467831161,
1.67225338551,
3.55121831617,
4.40640295167,
4.63146946979,
4.04479745886,
3.21947441488,
-2.45802078957,
-1.65689023161,
11.4039446509,
-0.104081560805,
-1.65447414324,
2.84289859864,
3.24102385218,
6.03228520075,
2.65423325344,
-3.37247617892,
0.73416867477,
3.08757278434,
6.2892303777,
0.475152727965,
-0.960943968238,
3.07708517727,
0.972646054964,
-0.759913685722,
-1.42088104662,
8.69987312628,
3.81322921437,
-2.4781928225,
-2.42515362005,
4.42637673463,
9.17264998613,
-3.47653617833,
3.58981213404,
2.80750501337,
2.11414242447,
4.66963302071,
-2.26651210696,
5.77673794763,
-1.89419808719,
8.4595278382,
4.76033127562,
-2.40694942552,
5.442330301,
-2.8168563256,
1.89710043946,
-1.98640860157,
-1.93218937682,
5.10507726427,
-1.97150623901,
2.37820291785,
0.664016874982,
3.14654198671,
1.0146451234,
0.868522943091,
-3.60719719955,
3.51130890441,
4.26230962505,
2.91141270397,
1.88614653088,
4.04369452944,
0.133490903546,
-2.68722454522,
1.61180563195,
5.79215207519,
-1.3450024387,
-2.63984268538,
5.26421199674,
5.55321793084,
3.58794099839,
0.66394345453,
0.431141828609,
3.08969478309,
6.78159633701,
-2.62617256171,
-2.74824987835,
-0.411285881037,
5.60829853847,
-1.47941705625,
-1.47558193797,
4.17897359344,
2.41643476021,
-1.02854278471,
6.58657081581,
2.85995743728,
3.62425871586,
-1.37855129873,
-0.209141832053,
-0.676084495555,
-3.22303519709,
4.32178553136,
-1.05878755707,
-0.348122578939,
-3.31631167437,
-1.73597244012,
2.82166531331,
-2.60108026699,
-1.57889405869,
-3.53136591233,
3.11217285268,
-0.452435624568,
-1.57158797469,
-10.9759080426,
2.14014848667,
-3.07596110419,
3.65811071152,
5.8988741295,
-2.09697659114,
1.06759101541,
4.35226896648,
-9.38753099742,
-0.716884422546,
3.77786872994,
-2.15305022304,
-3.56235209872,
-3.43809419885,
-0.328502331655,
1.98463390923,
-2.49788328465,
3.60948104688,
3.41610876687,
5.66530003759,
3.3672449811,
10.9270948012,
-0.725804257499,
-2.41365498295,
6.13972082197,
2.31358441859,
0.820668594495,
-2.02240236267,
3.42919809318,
2.06196932437,
-1.65774116225,
7.37146196816,
-2.12210639628,
0.262574610424,
-0.0360293055659,
3.99598356036,
-2.5712837777,
3.16836504389,
0.390931403148,
3.26912683352,
-1.78453155943,
-2.52957033078,
0.956323735163,
-1.05084670135,
-1.14289024585,
1.22368400654,
7.31291505443,
1.85630290402,
1.78765481493,
5.83515520518,
-2.68143457479,
1.19621878995,
3.61239264319,
2.22184133136,
-0.96978493608,
0.0397815355625,
2.77642879149,
-2.7130058472,
-2.6043470806,
4.25397579502,
6.88852784098,
-1.17311708061,
-1.09117008007,
1.76942288685,
4.98828595241,
4.60469630709,
-0.530041054327,
5.01333619812,
3.18867026214,
2.49960684876,
1.35383690724,
4.95777397932,
4.37210639687,
-4.59988581251,
-0.528762063838,
4.82567564897,
-1.07155385967,
3.30736153096,
2.86903798593,
6.13395310717,
-2.20982351179,
1.78891085733,
6.09142817131,
2.87115269142,
-2.44533196238,
5.41441424796,
5.79742127039,
5.44236036615,
5.53666933807,
2.62363120314,
2.38448893077,
1.59098625934,
-2.81373817656,
4.57523739007,
-2.84496781326,
-0.37838217427,
2.5313987065,
2.25704855405,
2.97518190438,
1.96537859474,
3.22611378202,
1.16147249849,
3.94518032574,
8.68629696389,
2.99212379647,
3.93422322896,
4.13244261568,
4.05487081664,
4.32113513067,
5.32526019435,
-0.845238633948,
-1.3743261156,
1.76205248918,
-0.705727139141,
3.45847039743,
-2.42587104084,
-1.25124547521,
3.98566525013,
-4.54694852447,
4.51612568757,
-1.4782631307,
1.40704938724,
5.43675970106,
3.57764177827,
-3.56917135743,
1.68181728987,
8.19018706624,
-2.87231841749,
3.40125627541,
-5.03710086295,
0.128424278978,
-3.4595889888,
2.31033822083,
1.65277519683,
-7.80293641372,
-1.63336968367,
0.564393020223,
-7.39507924885,
-2.51888290027,
-2.85970553245,
-0.685401129608,
2.86666014819,
-0.0707051115934,
-2.55212112239,
-5.21352409386,
2.85249370287,
-0.118172139448,
2.79500890195,
4.66385625562,
-3.80844966201,
1.78478841585,
1.18909041692,
-1.24971907428,
-2.2018375814,
-3.9353565187,
10.2997255701,
3.44005078901,
1.52430832045,
-2.96904088927,
2.46842679002,
4.12567186295,
-1.92403699666,
-2.7847601742,
-3.35578363587,
0.438432704119,
