6.04296874484,
4.09419434754,
-0.84085308004,
3.44412826519,
2.18422645282,
4.69563594234,
5.61194681703,
4.96736924938,
1.73761967565,
-0.981794622788,
2.44275679369,
5.0512571277,
5.89102848711,
-0.597537200425,
3.91598022996,
6.00613168195,
-1.65092590118,
2.6027570933,
-3.05059350997,
4.30115319472,
-2.51056495243,
3.25727952218,
1.75785893808,
5.06390063161,
-2.97539024649,
2.73913645496,
1.71157835574,
5.24664128476,
-1.56407100608,
5.58054240583,
-2.04270056598,
4.46531456343,
-1.4762806154,
-2.17883985141,
3.26777232045,
4.49984146934,
2.25402072053,
-0.666506725438,
3.66139196427,
6.19134013821,
1.91803531904,
-1.33535716909,
-1.53189889686,
2.51938363153,
2.49961013586,
-2.22773945069,
-2.11551855112,
4.2977872778,
-2.82088477592,
-1.19604387095,
6.0782819761,
-1.95405206707,
1.08520825049,
-2.24395934906,
-2.7880212397,
-2.66579211107,
-1.397200093,
5.22967742298,
5.41834007733,
2.15381536269,
2.79983873885,
2.55741753769,
1.87648476664,
-1.84298480656,
-3.22281232936,
-2.38012823847,
3.29500862683,
3.76652590224,
-3.01532249329,
3.1706413231,
1.43530536627,
-2.17179617553,
1.73773908151,
-1.78026823421,
1.8838054474,
3.63050527429,
-0.843801524542,
-0.606269983186,
2.45236976217,
2.49701703624,
4.42554858431,
-1.11165275564,
2.5569380452,
-2.02394228358,
-0.884159912839,
5.71354822495,
-1.28711100952,
1.86450330667,
2.38442572878,
5.63674334441,
-2.36855592304,
4.18405452874,
-2.85490842567,
-0.762559976682,
1.89920177866,
-1.75645229949,
2.87773034171,
4.77652574427,
3.36514667515,
3.88458204204,
-1.66308775972,
2.19306057636,
1.39409500941,
-1.68678011871,
1.29764859703,
3.4329342304,
-2.94206160116,
-2.08684138748,
3.5653896995,
-3.12077050786,
-2.15831728984,
4.04641734119,
-2.34711705331,
-0.603796486728,
5.20818539773,
-1.52396700687,
2.4448500906,
-2.97605419049,
-2.43687149875,
3.7897299693,
3.45873685468,
-0.785013200454,
-2.97277589172,
5.15705611653,
2.19283767494,
4.67869172057,
-1.81977586268,
6.06696380523,
4.24164420307,
-1.21989738644,
2.96375908426,
3.77286016571,
3.02091404744,
4.84357246527,
2.68831586288,
5.78824811951,
3.79520082032,
2.99412855282,
-2.6761529767,
-1.79376933192,
3.93992199511,
3.94331934934,
-0.820700919724,
-0.872724379818,
-2.27952328413,
-1.71959600581,
1.53006649321,
5.98709133732,
-2.3926318012,
5.772540292,
-2.20149642282,
4.53187058789,
-0.802843028563,
1.628938261,
1.48249073826,
5.65769006192,
3.55235373225,
1.94005602405,
5.00901558067,
6.1708226156,
2.1484662463,
4.26062200456,
-3.09105670607,
-0.804306511447,
4.47021455356,
4.49688044196,
2.45204032758,
4.07067595322,
-2.35076580423,
4.45303583555,
5.65855039823,
1.89809129078,
-0.625082929975,
3.51513789132,
5.77403635299,
-0.922455279979,
-2.04956298854,
-2.10661527285,
3.79373631289,
-1.23399549397,
5.06726643026,
5.23681462467,
5.24289381134,
-1.72228865704,
-1.89046146861,
-0.918371499513,
-2.55884265742,
-0.63293090624,
5.56131488157,
-1.41795713351,
-0.853570119207,
4.92527042688,
3.54072128853,
-1.45379139323,
1.39497123697,
4.71704989837,
1.04045570111,
-2.06020582556,
-0.825804436657,
-1.22990945113,
-1.09967068483,
-1.19756528883,
-1.24709049789,
1.76495594896,
4.0985076127,
-1.7402843451,
-2.93814801039,
1.57946134972,
-3.12575212345,
1.98822728263,
5.76288058559,
3.18063409467,
-1.43393731801,
-1.81048778246,
3.19164117224,
-3.10988278421,
2.61554029949,
-2.76095309951,
-1.86301586188,
1.40386218045,
-1.86652732432,
3.51484788701,
-1.63943150999,
2.01710711327,
6.07092804657,
2.88793487325,
1.79917917171,
-2.89895829007,
4.10335764724,
3.64593212837,
1.21135939237,
5.42061511445,
5.4190578367,
5.89382730917,
2.96229921137,
4.97333377656,
6.06660366134,
3.76694462621,
1.88645841882,
-2.4118429159,
-1.33358997143,
4.50464700515,
5.30824477244,
1.22403148899,
1.51015178134,
-3.03290960752,
4.10213993452,
3.36065965969,
3.52328975397,
4.52320626255,
3.54569689543,
5.77497298385,
2.74194370259,
1.11334512593,
5.27261059409,
1.26259365389,
2.50058618189,
-1.3967640632,
1.67144309563,
1.79299518796,
5.07805489145,
-2.56454506109,
6.0435558392,
5.57235770718,
2.41858617229,
1.06501944765,
1.52682024703,
3.56119611316,
-3.2306799147,
1.11260632984,
2.50128719018,
-0.818054628067,
1.86506938778,
5.59847913006,
-2.45114319417,
4.40824713757,
-0.911888490434,
4.90164454942,
6.13119325823,
2.73157083502,
-1.88979979627,
-1.87591638565,
2.884155431,
1.21892399468,
3.78953820544,
5.67783682381,
-1.62269105103,
2.94887331887,
-2.71472304374,
-3.27812239146,
2.08839860068,
-1.91769457258,
2.65131908432,
-1.83036680022,
-2.5360118364,
1.90082090185,
5.65443289866,
6.00961949981,
-3.19223315154,
-1.87944721138,
3.41779066248,
3.6609262584,
-1.6012629394,
-2.4297177276,
-2.21827371985,
-1.69995910589,
-0.933069299556,
-2.61529782633,
-1.46628911042,
2.27511631792,
-1.57536646684,
4.71301513169,
-2.91515158886,
1.56109551381,
-2.57138562278,
1.40508677924,
3.14909369557,
2.11695522916,
-1.11393633288,
-0.92273298044,
1.89537867208,
1.42386969433,
4.71351287385,
3.39642787949,
3.33918540927,
-1.57055487254,
-1.19550957522,
3.54320342688,
-2.6027377185,
3.11300398894,
2.67591728212,
1.08855001441,
3.1563349098,
4.10138650698,
2.01805125895,
-0.608582793578,
3.83670687508,
2.314704681,
4.90480099743,
3.47318500405,
-3.20386534355,
2.87003933929,
-1.39869494761,
-1.34524201207,
-0.664536154773,
3.84680234058,
1.05430185114,
2.54320603775,
2.6639146862,
3.25432270469,
1.25882552031,
5.89530155849,
2.5459181826,
4.27969109989,
4.30723286551,
5.3573893703,
3.92458958675,
1.12097743569,
2.90525649118,
1.60965478912,
5.32410060496,
4.81505528187,
-1.10808140057,
2.64880290466,
2.09297704506,
4.69284558195,
5.94069461648,
3.21915987648,
4.28675333301,
1.31609176106,
2.40350655665,
-0.596734634565,
-0.882613857457,
2.09776290918,
-0.765008131283,
2.34555848979,
-2.29975179909,
-2.70894862526,
-0.629469407245,
2.00343280447,
3.86516111425,
5.73062359074,
1.26535340516,
6.17132358415,
-1.35737339659,
1.7627058981,
5.37692450031,
3.43450508277,
1.25650088067,
4.32647658321,
-3.05633476828,
-0.631765753822,
-2.76665539679,
1.73327288852,
1.11224813423,
3.68645040034,
-3.21585875767,
-2.8593324428,
-1.82046089469,
-2.47240115444,
2.19283087607,
5.99234276447,
-2.65877535413,
1.42045044026,
5.04173442337,
5.36258202262,
-1.92929922271,
5.07440701084,
2.96143955772,
6.12563450442,
5.92193641912,
3.52063991404,
5.6086867278,
-3.23033474141,
4.46319447912,
-1.50358001099,
-1.3279859563,
6.19223769037,
4.33029374247,
5.05390726897,
2.5120884733,
4.84942135144,
-2.33977049565,
4.64850453247,
1.67689017028,
-2.29435919768,
3.88342634417,
1.04297364906,
2.45380774556,
4.879818427,
4.08147154584,
-1.1904845992,
1.76000729521,
-1.01731082182,
5.26965481669,
-1.30862467533,
1.49249407806,
-3.14355516762,
1.22166394935,
-0.75997937459,
-2.39354862533,
-1.36026974151,
6.10130765042,
5.24161843809,
2.38203420102,
4.98962625083,
4.978450833,
2.40334943454,
4.26703683031,
4.56693729886,
-2.94250981786,
-1.00776062417,
2.39884271655,
4.8715960919,
2.3141020207,
2.13113578456,
4.54282158744,
2.31465651119,
-1.97078857754,
4.68891633131,
-2.23548905886,
-2.57055855805,
-2.09219799526,
-2.16020701784,
2.78907600781,
2.59784879885,
-2.52560818197,
3.28673961581,
1.63413656992,
2.4150803866,
4.88523662014,
4.20804565117,
3.77516609144,
5.64336300973,
-1.02260341298,
-0.97444694221,
4.34809064667,
1.04610846866,
5.69497477451,
-1.51948720298,
-1.52731348134,
-2.54839456668,
-0.713153234409,
3.04354701598,
-0.916380893125,
-1.04516855042,
1.70536273261,
1.60702831242,
3.66747181353,
3.46774076154,
-1.43714732382,
-2.78776582266,
2.70801206835,
1.72714714004,
5.20099224156,
-1.16549281539,
4.9838943915,
-1.8902085003,
1.94700855188,
4.86540405597,
